1 Michael 462085 2.2506
2 Christopher 361250 1.7595
3 Matthew 351477 1.7119
4 Joshua 328955 1.6022
5 Jacob 298016 1.4515
6 Nicholas 275222 1.3405
7 Andrew 272600 1.3277
8 Daniel 271734 1.3235
9 Tyler 262218 1.2771
10 Joseph 260365 1.2681
11 Brandon 259299 1.2629
12 David 253193 1.2332
13 James 244775 1.1922
14 Ryan 241105 1.1743
15 John 239730 1.1676
16 Zachary 225188 1.0968
17 Justin 220012 1.0716
18 William 217588 1.0598
19 Anthony 216088 1.0525
20 Robert 205313 1
21 Jonathan 197250 0.9607
22 Austin 190053 0.9257
23 Alexander 183797 0.8952
24 Kyle 180151 0.8774
25 Kevin 165085 0.8041
26 Thomas 146515 0.7136
27 Cody 146426 0.7132
28 Jordan 144661 0.7046
29 Eric 135145 0.6582
30 Benjamin 133718 0.6513
31 Aaron 128202 0.6244
32 Christian 125899 0.6132
33 Samuel 125196 0.6098
34 Dylan 122008 0.5942
35 Steven 121009 0.5894
36 Brian 119216 0.5806
37 Jose 118843 0.5788
38 Timothy 107680 0.5245
39 Nathan 107229 0.5223
40 Adam 106822 0.5203
41 Richard 94805 0.4618
42 Patrick 92874 0.4523
43 Charles 92372 0.4499
44 Sean 91953 0.4479
45 Jason 91622 0.4462
46 Cameron 81097 0.395
47 Jeremy 77749 0.3787
48 Mark 75751 0.3689
49 Stephen 75064 0.3656
50 Jesse 73701 0.359
51 Juan 70809 0.3449
52 Alex 70772 0.3447
53 Travis 68176 0.3321
54 Jeffrey 66961 0.3261
55 Ethan 66878 0.3257
56 Caleb 66212 0.3225
57 Luis 64656 0.3149
58 Jared 63748 0.3105
59 Logan 63541 0.3095
60 Hunter 60499 0.2947
61 Trevor 59912 0.2918
62 Bryan 59704 0.2908
63 Evan 59366 0.2891
64 Paul 58833 0.2865
65 Taylor 58384 0.2844
66 Kenneth 58223 0.2836
67 Connor 57363 0.2794
68 Dustin 56742 0.2764
69 Noah 56093 0.2732
70 Carlos 55095 0.2683
71 Devin 55039 0.2681
72 Gabriel 54756 0.2667
73 Ian 53974 0.2629
74 Nathaniel 52541 0.2559
75 Gregory 52063 0.2536
76 Derek 50732 0.2471
77 Corey 50201 0.2445
78 Jesus 49036 0.2388
79 Scott 48999 0.2387
80 Bradley 48063 0.2341
81 Dakota 46628 0.2271
82 Antonio 46507 0.2265
83 Marcus 46434 0.2262
84 Blake 45846 0.2233
85 Garrett 45305 0.2207
86 Edward 45098 0.2197
87 Luke 44381 0.2162
88 Shawn 42450 0.2068
89 Peter 42317 0.2061
90 Seth 42176 0.2054
91 Mitchell 41997 0.2045
92 Adrian 41952 0.2043
93 Victor 41016 0.1998
94 Miguel 40947 0.1994
95 Shane 40577 0.1976
96 Chase 40287 0.1962
97 Isaac 40183 0.1957
98 Spencer 38164 0.1859
99 Lucas 38141 0.1858
100 Jack 37456 0.1824
101 Tanner 37377 0.182
102 Angel 36950 0.18
103 Vincent 36680 0.1787
104 Isaiah 36537 0.178
105 Dalton 35970 0.1752
106 Brett 35411 0.1725
107 George 35215 0.1715
108 Alejandro 35127 0.1711
109 Elijah 34604 0.1685
110 Cory 34156 0.1664
111 Cole 33844 0.1648
112 Joel 33756 0.1644
113 Erik 33587 0.1636
114 Jake 33065 0.161
115 Mason 32865 0.1601
116 Jorge 32680 0.1592
117 Dillon 32648 0.159
118 Raymond 31576 0.1538
119 Colton 30454 0.1483
120 Ricardo 29272 0.1426
121 Casey 29242 0.1424
122 Francisco 28682 0.1397
123 Brendan 28500 0.1388
124 Devon 28407 0.1384
125 Keith 28368 0.1382
126 Colin 28241 0.1375
127 Wesley 28232 0.1375
128 Phillip 27947 0.1361
129 Oscar 27846 0.1356
130 Julian 27634 0.1346
131 Johnathan 27247 0.1327
132 Eduardo 27193 0.1324
133 Chad 27099 0.132
134 Donald 26753 0.1303
135 Bryce 26747 0.1303
136 Ronald 26675 0.1299
137 Alec 25899 0.1261
138 Dominic 25622 0.1248
139 Grant 25442 0.1239
140 Martin 25280 0.1231
141 Henry 25056 0.122
142 Mario 24556 0.1196
143 Xavier 24270 0.1182
144 Manuel 24141 0.1176
145 Alan 24065 0.1172
146 Derrick 23970 0.1167
147 Frank 23937 0.1166
148 Tristan 23891 0.1164
149 Collin 23738 0.1156
150 Omar 23682 0.1153
151 Jeremiah 23607 0.115
152 Jackson 23579 0.1148
153 Troy 22809 0.1111
154 Edgar 22166 0.108
155 Javier 22075 0.1075
156 Douglas 21959 0.107
157 Clayton 21804 0.1062
158 Jonathon 21418 0.1043
159 Nicolas 21187 0.1032
160 Andre 21079 0.1027
161 Maxwell 20899 0.1018
162 Ivan 20438 0.0995
163 Philip 20434 0.0995
164 Levi 20148 0.0981
165 Sergio 20097 0.0979
166 Roberto 20029 0.0976
167 Darius 19656 0.0957
168 Andres 19612 0.0955
169 Cristian 19503 0.095
170 Hector 19461 0.0948
171 Fernando 19406 0.0945
172 Drew 19322 0.0941
173 Curtis 19189 0.0935
174 Gary 19187 0.0935
175 Riley 18829 0.0917
176 Johnny 18422 0.0897
177 Max 18196 0.0886
178 Dennis 18070 0.088
179 Malik 17938 0.0874
180 Wyatt 17919 0.0873
181 Cesar 17815 0.0868
182 Edwin 17443 0.085
183 Gavin 17270 0.0841
184 Preston 17075 0.0832
185 Marco 16979 0.0827
186 Ruben 16901 0.0823
187 Allen 16864 0.0821
188 Calvin 16845 0.082
189 Mathew 16794 0.0818
190 Randy 16776 0.0817
191 Brent 16618 0.0809
192 Jerry 16525 0.0805
193 Hayden 16339 0.0796
194 Alexis 16245 0.0791
195 Brady 16228 0.079
196 Parker 16227 0.079
197 Tony 16122 0.0785
198 Pedro 16107 0.0785
199 Craig 16097 0.0784
200 Larry 15942 0.0776
201 Erick 15664 0.0763
202 Kaleb 14899 0.0726
203 Trenton 14689 0.0715
204 Carl 14684 0.0715
205 Jeffery 14660 0.0714
206 Raul 14588 0.0711
207 Zachery 14585 0.071
208 Sebastian 14566 0.0709
209 Louis 14412 0.0702
210 Rafael 14354 0.0699
211 Marc 14304 0.0697
212 Colby 14259 0.0694
213 Emmanuel 14162 0.069
214 Jimmy 14104 0.0687
215 Albert 13883 0.0676
216 Kristopher 13834 0.0674
217 Julio 13818 0.0673
218 Danny 13792 0.0672
219 Harrison 13776 0.0671
220 Russell 13733 0.0669
221 Micah 13727 0.0669
222 Armando 13658 0.0665
223 Jaime 13552 0.066
224 Gerardo 13480 0.0657
225 Diego 13427 0.0654
226 Ricky 13412 0.0653
227 Chance 13225 0.0644
228 Gage 13196 0.0643
229 Lawrence 13151 0.0641
230 Alberto 13043 0.0635
231 Terry 13035 0.0635
232 Chandler 12958 0.0631
233 Abraham 12954 0.0631
234 Micheal 12866 0.0627
235 Damian 12682 0.0618
236 Conner 12627 0.0615
237 Trey 12611 0.0614
238 Darren 12511 0.0609
239 Landon 12501 0.0609
240 Skyler 12293 0.0599
241 Donovan 12228 0.0596
242 Andy 12145 0.0592
243 Rodney 12117 0.059
244 Lance 12094 0.0589
245 Walter 12004 0.0585
246 Liam 11884 0.0579
247 Joe 11849 0.0577
248 Nolan 11788 0.0574
249 Marcos 11782 0.0574
250 Enrique 11772 0.0573
251 Arthur 11768 0.0573
252 Todd 11609 0.0565
253 Trent 11490 0.056
254 Bobby 11383 0.0554
255 Zackary 11373 0.0554
256 Jalen 11099 0.0541
257 Dominique 10980 0.0535
258 Billy 10940 0.0533
259 Giovanni 10925 0.0532
260 Josiah 10878 0.053
261 Josue 10729 0.0523
262 Nickolas 10725 0.0522
263 Jay 10672 0.052
264 Roger 10651 0.0519
265 Ramon 10474 0.051
266 Ross 10453 0.0509
267 Dallas 10437 0.0508
268 Deandre 10355 0.0504
269 Jon 10355 0.0504
270 Randall 10319 0.0503
271 Jamal 10251 0.0499
272 Arturo 10235 0.0499
273 Israel 10151 0.0494
274 Alfredo 10101 0.0492
275 Theodore 10093 0.0492
276 Morgan 10093 0.0492
277 Maurice 10083 0.0491
278 Jonah 10063 0.049
279 Malcolm 10061 0.049
280 Dante 10001 0.0487
281 Bryant 9965 0.0485
282 Carson 9960 0.0485
283 Kody 9955 0.0485
284 Miles 9805 0.0478
285 Gerald 9790 0.0477
286 Marvin 9750 0.0475
287 Bailey 9737 0.0474
288 Reginald 9723 0.0474
289 Carter 9722 0.0474
290 Willie 9714 0.0473
291 Branden 9678 0.0471
292 Eddie 9643 0.047
293 Damon 9627 0.0469
294 Owen 9625 0.0469
295 Terrance 9537 0.0465
296 Avery 9447 0.046
297 Jessie 9294 0.0453
298 Ty 9288 0.0452
299 Lorenzo 9149 0.0446
300 Brock 9103 0.0443
301 Jamie 9082 0.0442
302 Damien 9069 0.0442
303 Johnathon 9068 0.0442
304 Tommy 9034 0.044
305 Lee 9006 0.0439
306 Dominick 8979 0.0437
307 Gustavo 8971 0.0437
308 Elias 8839 0.0431
309 Frederick 8835 0.043
310 Marquis 8831 0.043
311 Aidan 8774 0.0427
312 Shaun 8616 0.042
313 Salvador 8599 0.0419
314 Roy 8561 0.0417
315 Tevin 8523 0.0415
316 Braden 8388 0.0409
317 Demetrius 8386 0.0408
318 Brennan 8299 0.0404
319 Eli 8271 0.0403
320 Marshall 8262 0.0402
321 Conor 8241 0.0401
322 Jakob 8159 0.0397
323 Zane 8139 0.0396
324 Dean 8113 0.0395
325 Quentin 8113 0.0395
326 Ernesto 8104 0.0395
327 Fabian 8070 0.0393
328 Angelo 7980 0.0389
329 Pablo 7979 0.0389
330 Ashton 7946 0.0387
331 Griffin 7939 0.0387
332 Clinton 7930 0.0386
333 Brenden 7928 0.0386
334 Tyrone 7922 0.0386
335 Terrell 7918 0.0386
336 Bruce 7893 0.0384
337 Desmond 7853 0.0382
338 Kendall 7831 0.0381
339 Quinton 7810 0.038
340 Terrence 7718 0.0376
341 Steve 7643 0.0372
342 Zachariah 7634 0.0372
343 Darrell 7555 0.0368
344 Zackery 7503 0.0365
345 Wayne 7479 0.0364
346 Simon 7456 0.0363
347 Drake 7438 0.0362
348 Kelvin 7388 0.036
349 Saul 7383 0.036
350 Leonardo 7278 0.0354
351 Jerome 7223 0.0352
352 Rene 7137 0.0348
353 Nelson 7132 0.0347
354 Franklin 7115 0.0347
355 Myles 7095 0.0346
356 Francis 7070 0.0344
357 Kameron 7069 0.0344
358 Ronnie 7050 0.0343
359 Byron 7026 0.0342
360 Lane 7026 0.0342
361 Tucker 7019 0.0342
362 Neil 6968 0.0339
363 Jarrett 6894 0.0336
364 Melvin 6871 0.0335
365 Orlando 6857 0.0334
366 Brendon 6826 0.0332
367 Devonte 6771 0.033
368 Roman 6732 0.0328
369 Ismael 6726 0.0328
370 Emilio 6722 0.0327
371 Emanuel 6599 0.0321
372 Keegan 6587 0.0321
373 Quinn 6572 0.032
374 Oliver 6555 0.0319
375 Darryl 6543 0.0319
376 Forrest 6500 0.0317
377 Abel 6473 0.0315
378 Kyler 6451 0.0314
379 Esteban 6447 0.0314
380 Guillermo 6440 0.0314
381 Felix 6285 0.0306
382 Cooper 6272 0.0305
383 Leonard 6256 0.0305
384 Kendrick 6234 0.0304
385 Corbin 6221 0.0303
386 Peyton 6211 0.0303
387 Dale 6205 0.0302
388 Geoffrey 6167 0.03
389 Stanley 6114 0.0298
390 Karl 6104 0.0297
391 Weston 6104 0.0297
392 Eugene 6078 0.0296
393 Jermaine 6069 0.0296
394 Ernest 6035 0.0294
395 Graham 6000 0.0292
396 Wade 5987 0.0292
397 Keenan 5984 0.0291
398 Devante 5977 0.0291
399 Warren 5955 0.029
400 Nikolas 5945 0.029
401 Bryson 5915 0.0288
402 Glenn 5900 0.0287
403 Moises 5890 0.0287
404 Alvin 5830 0.0284
405 Trevon 5815 0.0283
406 Clay 5802 0.0283
407 Skylar 5766 0.0281
408 Jordon 5729 0.0279
409 Kurt 5691 0.0277
410 Cedric 5661 0.0276
411 Rodolfo 5661 0.0276
412 Beau 5610 0.0273
413 Dwayne 5604 0.0273
414 Hugo 5602 0.0273
415 Harley 5545 0.027
416 Harold 5515 0.0269
417 Jarrod 5511 0.0268
418 Devan 5504 0.0268
419 Tyrell 5497 0.0268
420 Isiah 5468 0.0266
421 Denzel 5451 0.0265
422 Dane 5443 0.0265
423 Gilbert 5420 0.0264
424 Sam 5414 0.0264
425 Dawson 5407 0.0263
426 Harry 5396 0.0263
427 Ray 5394 0.0263
428 Stefan 5392 0.0263
429 Allan 5382 0.0262
430 Joey 5379 0.0262
431 Felipe 5345 0.026
432 Kenny 5308 0.0259
433 Lukas 5294 0.0258
434 Noel 5266 0.0256
435 Elliot 5261 0.0256
436 Brayden 5191 0.0253
437 Kristian 5187 0.0253
438 Alfonso 5186 0.0253
439 Jarred 5170 0.0252
440 Leon 5158 0.0251
441 Tyson 5135 0.025
442 Davis 5117 0.0249
443 Chris 5115 0.0249
444 Ali 5111 0.0249
445 Braxton 5077 0.0247
446 Gilberto 5072 0.0247
447 Darian 5048 0.0246
448 Rodrigo 5031 0.0245
449 Brody 5005 0.0244
450 Donte 4991 0.0243
451 Deshawn 4989 0.0243
452 Rudy 4979 0.0243
453 Javon 4959 0.0242
454 Keaton 4950 0.0241
455 Elliott 4943 0.0241
456 Khalil 4921 0.024
457 Jayson 4915 0.0239
458 Charlie 4907 0.0239
459 Sheldon 4833 0.0235
460 Reid 4824 0.0235
461 Payton 4796 0.0234
462 Rogelio 4773 0.0232
463 Davon 4748 0.0231
464 Grayson 4730 0.023
465 Tristen 4727 0.023
466 Leo 4727 0.023
467 Alfred 4723 0.023
468 Sterling 4708 0.0229
469 Rashad 4687 0.0228
470 Ramiro 4684 0.0228
471 Marquise 4667 0.0227
472 Ariel 4655 0.0227
473 Blaine 4620 0.0225
474 Nathanael 4595 0.0224
475 Justice 4572 0.0223
476 Tylor 4572 0.0223
477 Cade 4569 0.0223
478 Marlon 4544 0.0221
479 Jace 4532 0.0221
480 Clarence 4531 0.0221
481 Mackenzie 4525 0.022
482 Shaquille 4521 0.022
483 Lewis 4518 0.022
484 Julius 4513 0.022
485 Darnell 4510 0.022
486 Tomas 4508 0.022
487 Garret 4491 0.0219
488 Reed 4490 0.0219
489 Ralph 4470 0.0218
490 Tyree 4386 0.0214
491 Brad 4373 0.0213
492 Stuart 4336 0.0211
493 Stephan 4336 0.0211
494 Jaquan 4317 0.021
495 Roderick 4311 0.021
496 Clifford 4292 0.0209
497 Daquan 4267 0.0208
498 Santiago 4263 0.0208
499 Alonzo 4257 0.0207
500 Demarcus 4248 0.0207
